0,1,2,5	1
0,1,2,5,4	1
0,1,2,6,3	1
0,1,2,6,3,4	1
0,1,3	1
0,1,4,3	1
0,1,4,6,5	1
0,1,6,5	1
0,1,8,2,4,5	1
0,1,8,2,5	1
0,1,8,2,5,3,9	1
0,1,8,2,5,3,9,4	1
0,1,8,2,5,4	1
0,1,8,2,6,3	1
0,1,8,2,6,4,3	1
0,1,8,2,9	1
0,1,8,2,9,4	1
0,1,8,3	1
0,1,8,4,3	1
0,1,8,6,4,5	1
0,1,8,6,5	1
0,1,8,9,6	1
0,1,8,9,6,4	1
0,1,8,9,6,4,3,5	1
0,1,8,9,6,5,3	1
0,1,9,2	1
0,1,9,4,2	1
0,1,9,5,3,2	1
0,1,9,5,4,2,3	1
0,1,9,6	1
0,1,9,6,4	1
0,1,9,6,5,3	1
0,1,9,6,5,3,4	1
0,2,3,4,5,6	1
0,2,3,4,8,6,5	1
0,2,3,4,8,9,6	1
0,2,3,4,9,6	1
0,2,3,6,5	1
0,2,3,6,5,8	1
0,2,3,6,8,9	1
0,2,3,6,9	1
0,2,4,6	1
0,2,4,6,8	1
0,2,5,4,9	1
0,2,5,4,9,8	1
0,2,5,9	1
0,2,5,9,8	1
0,2,6	1
0,2,6,8	1
0,3,5	1
0,3,5,4	1
0,3,5,4,8	1
0,3,5,8	1
0,3,8,4,9	1
0,3,8,9	1
0,3,9	1
0,3,9,4	1
0,4	1
0,4,5,6,8,9	1
0,4,5,6,9	1
0,4,8	1
0,5,6,8,9	1
0,5,6,9	1
0,8	1
1,2,5	1
1,2,5,4	1
1,2,6,3	1
1,2,6,4,3	1
1,2,8,5	1
1,2,8,5,4	1
1,2,8,6,3	1
1,2,8,6,4,3	1
1,2,9	1
1,2,9,4	1
1,2,9,4,3,5	1
1,2,9,5,3	1
1,2,9,8	1
1,2,9,8,3,5	1
1,2,9,8,3,5,4	1
1,2,9,8,4	1
1,3	1
1,3,4	1
1,3,8	1
1,3,8,4	1
1,3,9,5,6	1
1,3,9,5,6,4	1
1,3,9,5,6,4,8	1
1,3,9,5,6,8	1
1,4,6,5	1
1,4,8,5,6	1
1,4,9,6	1
1,4,9,6,8	1
1,5,6	1
1,5,8,6	1
1,6,8,9	1
1,6,9	1
2,3,4,5,6	1
2,3,6,5	1
2,3,8,4,5,6	1
2,3,8,5,6	1
2,3,8,9,6	1
2,3,8,9,6,4	1
2,3,9,6	1
2,3,9,6,4	1
2,4,6	1
2,4,6,8	1
2,4,9,5	1
2,4,9,8,5	1
2,5,8,9	1
2,5,9	1
2,6	1
2,6,8	1
3,4,5	1
3,4,8,5	1
3,5	1
3,5,8	1
3,9	1
3,9,4	1
3,9,4,8	1
3,9,8	1
4,8	1
4,8,5,6,9	1
4,9,6,5	1
5,8,9,6	1
5,9,6	1
