0,1,2,4	12
0,1,2,6	12
0,1,3	12
0,1,4	13
0,1,5	14
0,1,6	14
0,1,8	14
0,1,8,5	12
0,2	24
0,2,3	17
0,2,3,5	15
0,2,3,5,8	13
0,2,3,6	12
0,2,3,6,5	12
0,2,3,8	14
0,2,4	14
0,2,5	19
0,2,5,4	12
0,2,5,6	14
0,2,5,6,8	12
0,2,5,8	15
0,2,5,9	12
0,2,5,9,6	12
0,2,6	15
0,2,6,8	12
0,2,6,9	13
0,2,8	17
0,2,9	13
0,3	19
0,3,5	16
0,3,5,8	14
0,3,6	13
0,3,6,5	12
0,3,8	15
0,4	18
0,4,5	14
0,4,5,8	13
0,4,6	12
0,4,8	14
0,5	22
0,5,6	15
0,5,6,8	13
0,5,6,9	12
0,5,8	18
0,5,9	12
0,6	19
0,6,8	14
0,6,9	13
0,8	22
0,9	13
1,2	17
1,2,4	12
1,2,5	13
1,2,6	12
1,2,8	13
1,2,9	13
1,3	15
1,3,5	12
1,3,6	12
1,3,8	12
1,4	16
1,4,8	14
1,5	15
1,5,6	12
1,5,8	12
1,6	17
1,6,8	12
1,6,9	13
1,8	19
1,8,9	13
1,9	15
2,3	21
2,3,4	13
2,3,5	17
2,3,6	14
2,3,6,5	13
2,3,8	18
2,3,8,4	12
2,3,8,5	15
2,3,8,5,6	12
2,3,8,6	13
2,3,8,9	12
2,3,8,9,6	12
2,3,9	12
2,3,9,6	12
2,4	20
2,4,5	15
2,4,6	15
2,4,6,5	12
2,4,6,8	12
2,4,6,8,9	12
2,4,6,9	14
2,4,6,9,5	12
2,4,8	15
2,4,8,5	13
2,4,9	14
2,4,9,5	12
2,4,9,8	12
2,5	23
2,5,6	16
2,5,6,8	13
2,5,6,8,9	12
2,5,6,9	14
2,5,8	18
2,5,8,9	13
2,5,9	15
2,6	20
2,6,8	15
2,6,9	17
2,6,9,8	14
2,8	25
2,8,9	17
2,9	20
3,4	20
3,4,5	12
3,4,6	13
3,4,8	16
3,4,8,5	12
3,4,8,6	12
3,5	20
3,5,6	14
3,5,6,8	12
3,5,8	17
3,6	18
3,6,8	15
3,8	23
3,9	17
3,9,4	15
3,9,4,8	13
3,9,6	14
3,9,6,4	12
3,9,6,4,8	12
3,9,6,8	14
3,9,8	15
4,5	19
4,5,6	14
4,6	20
4,8	23
4,8,5	16
4,8,6	15
4,8,6,9	14
4,8,9	15
4,9	19
4,9,5	12
4,9,6	16
4,9,6,5	12
5,6	19
5,8	22
5,8,6	14
5,8,9	13
5,8,9,6	12
5,9	15
5,9,6	14
6,8	19
6,8,9	16
6,9	19
8,9	20
